1195.00 
1158.00 
1174.00 
1101.00 
1198.00 
1158.00 
1182.00 
1154.00 
1175.00 
1122.00 
1114.00 
1179.00 
1117.00 
1105.00 
1159.00 
1198.00 
1189.00 
1166.00 
1142.00 
1137.00 
1163.00 
1131.00 
1159.00 
1164.00 
1128.00 
1195.00 
1130.00 
1105.00 
1173.00 
1157.00 
1194.00 
1125.00 
1110.00 
1132.00 
1159.00 
1109.00 
1126.00 
1100.00 
1124.00 
1106.00 
1136.00 
1144.00 
1168.00 
1119.00 
1127.00 
1105.00 
1147.00 
1140.00 
1198.00 
1104.00 
1113.00 
1169.00 
1187.00 
1196.00 
1193.00 
1151.00 
1106.00 
1125.00 
1194.00 
1194.00 
1123.00 
1181.00 
1193.00 
1181.00 
1195.00 
1141.00 
